   -1.00000     0.00000
  -74.02631    40.75710
  -74.02730    40.75560
  -74.02670    40.75540
  -74.02420    40.75500
  -74.02420    40.75580
  -74.02049    40.75510
  -74.02341    40.75540
  -74.02350    40.75481
  -74.02080    40.75410
  -74.02370    40.75380
  -74.02100    40.75320
  -74.02409    40.75340
  -74.02161    40.75240
  -74.02390    40.75270
  -74.02409    40.75050
  -74.02209    40.75000
  -74.02409    40.74910
  -74.02240    40.74480
  -74.02440    40.74339
  -74.02299    40.74280
  -74.02499    40.74300
  -74.02319    40.74190
  -74.02560    40.74159
  -74.02341    40.74110
  -74.02679    40.74071
  -74.02460    40.73930
  -74.02721    40.73880
  -74.02400    40.73830
  -74.02730    40.73860
  -74.02769    40.73720
  -74.02550    40.73689
  -74.02811    40.73630
  -74.02620    40.73399
  -74.02800    40.73410
  -74.02600    40.73370
  -74.02950    40.73370
  -74.02550    40.73320
  -74.03070    40.73360
  -74.02570    40.73280
  -74.03120    40.73280
  -74.02660    40.73151
  -74.03110    40.73170
  -74.02679    40.73080
  -74.02800    40.73080
  -74.02730    40.72929
  -74.03169    40.73061
  -74.03020    40.72960
  -74.03140    40.72881
  -74.02780    40.72749
  -74.03050    40.72760
  -74.02789    40.72681
  -74.02980    40.72591
  -74.03490    40.72610
  -74.02840    40.72350
  -74.03461    40.72321
  -74.02969    40.72250
  -74.03461    40.72250
  -74.03000    40.72121
  -74.03180    40.72031
  -74.02960    40.71989
  -74.03290    40.71960
  -74.02980    40.71919
  -74.03290    40.71910
  -74.03320    40.71730
  -74.03040    40.71700
  -74.03239    40.71671
  -74.03160    40.71510
  -74.03329    40.71530
  -74.03130    40.71390
  -74.03349    40.71420
  -74.03410    40.71159
  -74.03860    40.71190
  -74.03310    40.71091
  -74.04150    40.71120
  -74.04330    40.71359
  -74.04260    40.71120
  -74.05380    40.71240
  -74.05150    40.71091
  -74.03340    40.70900
  -74.03500    40.70540
  -74.04410    40.70610
  -74.04060    40.70261
  -74.04359    40.70419
  -74.04170    40.70239
  -74.04440    40.70351
  -74.04240    40.70180
  -74.04491    40.70290
  -74.04320    40.70110
  -74.04590    40.70190
  -74.04401    40.70050
  -74.04980    40.70081
  -74.05110    40.69920
  -74.04640    40.69650
  -74.04961    40.69791
  -74.05060    40.69679
  -74.05510    40.69450
  -74.05830    40.69569
  -74.05960    40.69450
  -74.05479    40.69189
  -74.05600    40.69080
  -74.06650    40.69780
  -74.06860    40.69690
  -74.07111    40.69360
  -74.06770    40.69530
  -74.06570    40.69411
  -74.07030    40.69170
  -74.07091    40.68381
  -74.07660    40.68840
  -74.08040    40.68880
  -74.07210    40.68100
  -74.07390    40.68050
  -74.08380    40.68730
  -74.07410    40.68021
  -74.07440    40.67799
  -74.06911    40.67520
  -74.07539    40.67790
  -74.07330    40.67540
  -74.07651    40.67680
  -74.07719    40.67580
  -74.06430    40.66980
  -74.06630    40.66679
  -74.06720    40.66589
  -74.08611    40.67480
  -74.09891    40.67680
  -74.10339    40.67430
  -74.10240    40.67250
  -74.09760    40.67310
  -74.09770    40.67450
  -74.09190    40.67310
  -74.06889    40.66370
  -74.07050    40.66100
  -74.08960    40.66740
  -74.10741    40.66980
  -74.10820    40.66580
  -74.10300    40.66670
  -74.10800    40.66490
  -74.09930    40.66611
  -74.09230    40.66240
  -74.08859    40.65559
  -74.08501    40.65511
  -74.08771    40.65390
  -74.08560    40.65320
  -74.08820    40.65340
  -74.08630    40.65280
  -74.08990    40.65240
  -74.08940    40.65140
  -74.09171    40.65131
  -74.09090    40.65041
  -74.09300    40.65050
  -74.09241    40.64951
  -74.10139    40.64870
  -74.10410    40.65041
  -74.10670    40.64909
  -74.10680    40.65070
  -74.10730    40.64909
  -74.10730    40.65320
  -74.10890    40.65401
  -74.10770    40.65311
  -74.10800    40.64920
  -74.11040    40.65050
  -74.11079    40.64900
  -74.11079    40.65060
  -74.11230    40.64980
  -74.11459    40.65140
  -74.11360    40.64920
  -74.11620    40.65250
  -74.11411    40.64909
  -74.11681    40.65230
  -74.11540    40.64920
  -74.12080    40.64571
  -74.14410    40.64340
  -74.14619    40.64439
  -74.14529    40.64790
  -74.14729    40.64890
  -74.14510    40.64900
  -74.14650    40.65010
  -74.14320    40.65010
  -74.13989    40.65370
  -74.14101    40.65570
  -74.13890    40.65540
  -74.13969    40.65680
  -74.13840    40.65640
  -74.13760    40.65710
  -74.13950    40.65710
  -74.13820    40.65770
  -74.13600    40.65680
  -74.13721    40.65849
  -74.13510    40.65790
  -74.13271    40.66040
  -74.13361    40.66299
  -74.13130    40.66600
  -74.12891    40.66479
  -74.12711    40.66679
  -74.12830    40.66879
  -74.12669    40.66890
  -74.12590    40.67191
  -74.12480    40.67140
  -74.11760    40.67740
  -74.11710    40.67860
  -74.11940    40.67990
  -74.11391    40.68640
  -74.11150    40.68649
  -74.11320    40.68719
  -74.11079    40.69270
  -74.10741    40.69220
  -74.11110    40.69450
  -74.10970    40.69431
  -74.10760    40.69740
  -74.10120    40.70540
  -74.10660    40.70360
  -74.10680    40.70911
  -74.10831    40.70950
  -74.10770    40.71170
  -74.10390    40.71201
  -74.10699    40.71400
  -74.10210    40.71761
  -74.10420    40.71860
  -74.11749    40.71030
  -74.11760    40.69780
  -74.13680    40.67470
  -74.15280    40.65550
  -74.16150    40.64400
  -74.18150    40.64639
  -74.18640    40.64600
  -74.18950    40.64371
  -74.20090    40.63251
  -74.20261    40.63100
  -74.20441    40.62430
  -74.20280    40.61890
  -74.20520    40.61549
  -74.20641    40.60690
  -74.20110    40.60150
  -74.20100    40.59880
  -74.20500    40.59351
  -74.21320    40.59880
  -74.21400    40.60229
  -74.21590    40.60440
  -74.21730    40.60460
  -74.21919    40.60210
  -74.22430    40.60030
  -74.22929    40.60001
  -74.23219    40.59880
  -74.23711    40.60280
  -74.23869    40.60271
  -74.24049    40.60100
  -74.24300    40.60010
  -74.24361    40.59990
  -74.25890    40.60201
  -74.24840    40.59930
  -74.24290    40.59930
  -74.23711    40.60240
  -74.23230    40.59840
  -74.21890    40.60080
  -74.21730    40.60410
  -74.21471    40.60220
  -74.21381    40.59850
  -74.20930    40.59480
  -74.20799    40.59309
  -74.21040    40.59050
  -74.21260    40.58250
  -74.21381    40.57120
  -74.21570    40.57201
  -74.21480    40.56850
  -74.21851    40.56180
  -74.22121    40.55910
  -74.22910    40.56219
  -74.23351    40.56261
  -74.25290    40.55360
  -74.25500    40.54871
  -74.25549    40.54820
  -74.25571    40.54739
  -74.25459    40.54550
  -74.25560    40.54010
  -74.25861    40.54041
  -74.25909    40.53760
  -74.26221    40.53880
  -74.25909    40.53709
  -74.25850    40.53979
  -74.25690    40.53990
  -74.25410    40.53740
  -74.25520    40.53729
  -74.25481    40.53490
  -74.25360    40.53500
  -74.25400    40.53180
  -74.25270    40.53169
  -74.25400    40.53140
  -74.25070    40.52370
  -74.25220    40.52090
  -74.25510    40.52110
  -74.25230    40.52010
  -74.25410    40.51830
  -74.25751    40.51900
  -74.25529    40.51810
  -74.26070    40.51300
  -74.26350    40.50360
  -74.26700    40.49969
  -74.28410    40.50011
  -74.28500    40.50070
  -74.28340    40.50340
  -74.28841    40.50890
  -74.29289    40.51080
  -74.30141    40.51160
  -74.31210    40.50880
  -74.32381    40.50040
  -74.32910    40.49290
  -74.33870    40.48650
  -74.35539    40.48441
  -74.35880    40.48019
  -74.35800    40.47510
  -74.35620    40.47501
  -74.35510    40.48120
  -74.35370    40.48010
  -74.33949    40.48030
  -74.32050    40.48830
  -74.31310    40.50000
  -74.30389    40.50571
  -74.29201    40.50459
  -74.29420    40.49760
  -74.28909    40.49319
  -74.28310    40.49310
  -74.27660    40.49110
  -74.27710    40.48930
  -74.27240    40.48930
  -74.27560    40.48840
  -74.27310    40.48830
  -74.27600    40.48720
  -74.27620    40.48550
  -74.27451    40.48360
  -74.27010    40.48399
  -74.26630    40.47820
  -74.26950    40.47510
  -74.27280    40.47459
  -74.26601    40.47000
  -74.26230    40.46460
  -74.25819    40.46490
  -74.25690    40.46300
  -74.24490    40.45810
  -74.23621    40.45720
  -74.23039    40.45280
  -74.22330    40.45210
  -74.22330    40.45210
  -74.21021    40.44730
  -74.20660    40.44060
  -74.20900    40.43739
  -74.20760    40.43539
  -74.20351    40.43871
  -74.19431    40.44099
  -74.18860    40.44670
  -74.18330    40.45641
  -74.17999    40.45860
  -74.17661    40.45770
  -74.17200    40.45230
  -74.16451    40.44820
  -74.15649    40.44679
  -74.15511    40.44749
  -74.15601    40.45230
  -74.15421    40.44760
  -74.15109    40.44920
  -74.14709    40.44890
  -74.14751    40.45010
  -74.14330    40.45030
  -74.13930    40.45490
  -74.14450    40.45970
  -74.13910    40.45560
  -74.13370    40.45500
  -74.11481    40.44490
  -74.10381    40.44200
  -74.08360    40.43640
  -74.08150    40.43480
  -74.07820    40.43420
  -74.07471    40.43269
  -74.07561    40.43150
  -74.07471    40.43150
  -74.07410    40.42909
  -74.07330    40.42920
  -74.07230    40.42880
  -74.07170    40.42661
  -74.07320    40.42570
  -74.07159    40.42641
  -74.07201    40.42870
  -74.07260    40.42960
  -74.06779    40.42760
  -74.05940    40.42261
  -74.04829    40.41879
  -74.03780    40.41730
  -74.03371    40.42210
  -74.03560    40.41721
  -74.03101    40.41541
  -74.00270    40.41130
  -73.98959    40.40730
  -73.98250    40.40280
  -73.98000    40.39639
  -73.98050    40.38921
  -73.98151    40.38480
  -73.99460    40.38370
  -74.00160    40.39050
  -74.00751    40.38831
  -74.01331    40.38901
  -74.01910    40.39230
  -74.01930    40.39490
  -74.02130    40.39360
  -74.02451    40.39450
  -74.01669    40.38901
  -74.01669    40.38380
  -74.02600    40.38251
  -74.03250    40.37840
  -74.02859    40.37050
  -74.02740    40.37309
  -74.02390    40.37450
  -74.02350    40.37711
  -74.01500    40.37550
  -74.00960    40.37891
  -74.00110    40.37810
  -73.99651    40.37511
  -73.98630    40.37680
  -73.97900    40.37610
  -73.97650    40.37010
  -73.97440    40.37210
  -73.97820    40.40620
  -73.97951    40.40469
  -73.98399    40.40820
  -73.98309    40.41141
  -73.97861    40.40759
  -73.97980    40.41270
  -73.98450    40.41960
  -73.98550    40.42599
  -73.98891    40.42880
  -73.99271    40.43080
  -73.99480    40.42470
  -73.99229    40.42059
  -73.99330    40.41960
  -73.99600    40.42290
  -73.99210    40.44279
  -73.99530    40.44740
  -73.99770    40.44830
  -74.00360    40.44701
  -74.00450    40.44830
  -74.00330    40.45470
  -74.00700    40.46700
  -74.00970    40.46629
  -74.01010    40.46910
  -74.01830    40.47079
  -74.01601    40.47169
  -74.01730    40.47200
  -74.01620    40.47321
  -74.01820    40.47211
  -74.01759    40.47560
  -74.01421    40.47810
  -74.00830    40.47340
  -74.00369    40.47270
  -73.99609    40.46860
  -73.99400    40.46300
  -73.97870    40.44009
  -73.97990    40.42130
  -73.97830    40.41800
  -73.97910    40.41350
  -73.97530    40.39940
  -73.97180    40.37160
  -73.97231    40.34570
  -73.97290    40.33459
  -73.97141    40.33290
  -73.97470    40.32220
  -73.97681    40.30490
  -73.97659    40.30321
  -73.97459    40.30260
  -73.97681    40.30280
  -73.98779    40.26050
  -73.99370    40.23759
  -73.99561    40.23019
  -74.00000    40.21690
  -74.00360    40.20840
  -74.00790    40.19550
  -74.00920    40.18781
  -74.02499    40.18730
  -74.03059    40.18941
  -74.02831    40.19231
  -74.03590    40.19769
  -74.04140    40.19720
  -74.03979    40.19820
  -74.04150    40.20100
  -74.04289    40.20100
  -74.04379    40.19740
  -74.03909    40.19530
  -74.03819    40.18790
  -74.04120    40.18480
  -74.05070    40.18781
  -74.05299    40.19000
  -74.05791    40.18930
  -74.05389    40.18469
  -74.05350    40.18190
  -74.04330    40.17670
  -74.03889    40.17900
  -74.03120    40.17920
  -74.02660    40.18381
  -74.01950    40.18680
  -74.02060    40.18460
  -74.01540    40.18640
  -74.01900    40.18710
  -74.01010    40.18730
  -74.00850    40.18629
  -74.01691    40.16679
  -74.02490    40.13800
  -74.03169    40.11760
  -74.03310    40.11079
  -74.03450    40.10300
  -74.03790    40.10471
  -74.03751    40.10519
  -74.03810    40.10570
  -74.04210    40.10651
  -74.04410    40.10899
  -74.04379    40.11130
  -74.04610    40.11090
  -74.04520    40.10890
  -74.05240    40.10710
  -74.05479    40.10440
  -74.05991    40.10240
  -74.06039    40.09869
  -74.06590    40.09790
  -74.07140    40.09419
  -74.07671    40.09410
  -74.08501    40.09760
  -74.08630    40.10120
  -74.08830    40.10170
  -74.08800    40.10660
  -74.09219    40.10741
  -74.09100    40.10890
  -74.09180    40.11610
  -74.09720    40.12280
  -74.09570    40.12489
  -74.09610    40.12849
  -74.09660    40.12891
  -74.09979    40.12930
  -74.09850    40.12770
  -74.09891    40.12730
  -74.09950    40.12750
  -74.10020    40.12820
  -74.10120    40.12891
  -74.10190    40.12990
  -74.10240    40.12990
  -74.10370    40.13049
  -74.10381    40.13080
  -74.10390    40.13120
  -74.10370    40.13210
  -74.10429    40.13240
  -74.10400    40.13350
  -74.10510    40.13460
  -74.10390    40.13040
  -74.09970    40.12740
  -74.09869    40.12711
  -74.09790    40.12869
  -74.09660    40.12849
  -74.09641    40.12810
  -74.09810    40.12410
  -74.10159    40.12379
  -74.09930    40.11839
  -74.09990    40.11620
  -74.09689    40.11459
  -74.10020    40.11290
  -74.09660    40.11140
  -74.09869    40.10820
  -74.09669    40.10471
  -74.10210    40.10339
  -74.09810    40.10249
  -74.10291    40.10110
  -74.09390    40.10320
  -74.09520    40.10091
  -74.09090    40.10049
  -74.08690    40.09689
  -74.08521    40.09370
  -74.07870    40.08971
  -74.06911    40.08800
  -74.05920    40.09171
  -74.05440    40.09641
  -74.05431    40.09830
  -74.04750    40.10190
  -74.03970    40.10201
  -74.03770    40.10040
  -74.03841    40.10350
  -74.03169    40.10040
  -74.03400    40.09940
  -74.03709    40.09109
  -74.04480    40.05791
  -74.05901    40.00110
  -74.06520    39.97701
  -74.06760    39.95900
  -74.06990    39.94350
  -74.06830    39.94220
  -74.07010    39.94180
  -74.07130    39.93671
  -74.07829    39.90700
  -74.09360    39.78470
  -74.09750    39.76770
  -74.09850    39.76570
  -74.10130    39.76511
  -74.10330    39.76669
  -74.10240    39.76820
  -74.10381    39.77119
  -74.11520    39.77550
  -74.11920    39.78081
  -74.11720    39.78160
  -74.11900    39.78259
  -74.11710    39.78461
  -74.10580    39.78540
  -74.10091    39.78340
  -74.09830    39.78419
  -74.09821    39.78830
  -74.10350    39.79289
  -74.10440    39.79860
  -74.09641    39.80721
  -74.09740    39.81281
  -74.09210    39.83160
  -74.09261    39.84129
  -74.09030    39.84441
  -74.09171    39.84760
  -74.08910    39.85350
  -74.09050    39.85699
  -74.08820    39.85989
  -74.08980    39.86270
  -74.08780    39.86749
  -74.08850    39.87730
  -74.08450    39.88840
  -74.08620    39.88800
  -74.09019    39.89619
  -74.08521    39.90311
  -74.08800    39.90500
  -74.08591    39.90900
  -74.08820    39.90981
  -74.08740    39.91161
  -74.08549    39.91141
  -74.08620    39.91470
  -74.08130    39.92380
  -74.08170    39.93010
  -74.08470    39.93069
  -74.08411    39.93510
  -74.08070    39.93480
  -74.07961    39.93649
  -74.08170    39.93761
  -74.08411    39.94119
  -74.08810    39.94000
  -74.09760    39.94479
  -74.09250    39.94370
  -74.09090    39.94510
  -74.08549    39.94180
  -74.08160    39.94231
  -74.07950    39.94749
  -74.08150    39.94810
  -74.08240    39.95061
  -74.07941    39.95039
  -74.08279    39.95180
  -74.07930    39.95171
  -74.08290    39.95200
  -74.08350    39.95441
  -74.08340    39.95441
  -74.08220    39.95320
  -74.07980    39.95261
  -74.08200    39.95360
  -74.08189    39.95380
  -74.07919    39.95509
  -74.08299    39.95450
  -74.08231    39.95590
  -74.08380    39.95740
  -74.07890    39.95590
  -74.08200    39.95920
  -74.07851    39.95770
  -74.08070    39.95900
  -74.07851    39.95880
  -74.07820    39.96159
  -74.07880    39.96030
  -74.08231    39.96091
  -74.08510    39.96220
  -74.08580    39.96429
  -74.07980    39.96741
  -74.07570    39.96761
  -74.07269    39.97310
  -74.07260    39.97729
  -74.07590    39.97820
  -74.07420    39.98190
  -74.06940    39.98190
  -74.07480    39.98340
  -74.06911    39.98370
  -74.07401    39.98550
  -74.06990    39.98560
  -74.07300    39.98720
  -74.06990    39.98770
  -74.07170    39.98860
  -74.06850    39.98830
  -74.06979    39.98959
  -74.06770    39.98990
  -74.06700    39.99260
  -74.06889    39.98981
  -74.07420    39.99190
  -74.07060    39.99091
  -74.06979    39.99240
  -74.07030    39.99570
  -74.07210    39.99460
  -74.07080    39.99460
  -74.07091    39.99229
  -74.07410    39.99350
  -74.07130    39.99580
  -74.07260    39.99530
  -74.07280    40.00020
  -74.06790    39.99879
  -74.06860    39.99680
  -74.07021    39.99789
  -74.07091    39.99620
  -74.06870    39.99651
  -74.06850    39.99420
  -74.06970    39.99471
  -74.06850    39.99380
  -74.06790    39.99550
  -74.06630    39.99480
  -74.06790    39.99600
  -74.06599    39.99561
  -74.06790    39.99660
  -74.06580    39.99609
  -74.06760    39.99730
  -74.06540    39.99690
  -74.06740    39.99800
  -74.06520    39.99741
  -74.06740    39.99879
  -74.06470    39.99831
  -74.06760    39.99980
  -74.06441    39.99910
  -74.06940    40.00270
  -74.06560    40.00250
  -74.06900    40.00430
  -74.06300    40.00810
  -74.06911    39.98370
  -74.05930    40.01289
  -74.06210    40.01579
  -74.06509    40.01250
  -74.06520    40.01360
  -74.06351    40.01759
  -74.06219    40.01759
  -74.06329    40.02119
  -74.05650    40.02220
  -74.05640    40.02600
  -74.05901    40.02361
  -74.06290    40.02310
  -74.05870    40.02690
  -74.05840    40.02940
  -74.05550    40.02940
  -74.05460    40.03081
  -74.04919    40.05409
  -74.04950    40.05589
  -74.05060    40.05310
  -74.05099    40.05611
  -74.05270    40.05701
  -74.05060    40.05710
  -74.04970    40.05800
  -74.04950    40.05800
  -74.04919    40.05630
  -74.04880    40.05820
  -74.04970    40.05840
  -74.04980    40.05859
  -74.04840    40.05870
  -74.04980    40.05920
  -74.04939    40.06250
  -74.04910    40.06281
  -74.04829    40.06329
  -74.04820    40.06560
  -74.04671    40.06720
  -74.04630    40.07050
  -74.04761    40.06641
  -74.04770    40.06641
  -74.04950    40.06700
  -74.05099    40.06630
  -74.05180    40.06740
  -74.05150    40.06580
  -74.05360    40.06670
  -74.05600    40.06641
  -74.05431    40.06430
  -74.05479    40.06610
  -74.05170    40.06410
  -74.05470    40.06270
  -74.05640    40.06270
  -74.05530    40.06430
  -74.05650    40.06520
  -74.05620    40.06380
  -74.05960    40.06590
  -74.05670    40.06340
  -74.05940    40.06490
  -74.05769    40.06310
  -74.06100    40.06360
  -74.05710    40.06281
  -74.05740    40.06149
  -74.06419    40.06149
  -74.06480    40.06290
  -74.06509    40.06129
  -74.06670    40.06171
  -74.06619    40.06650
  -74.06870    40.06590
  -74.06650    40.06520
  -74.06900    40.06520
  -74.06641    40.06500
  -74.06689    40.06310
  -74.06900    40.06351
  -74.06720    40.06219
  -74.07010    40.06180
  -74.07150    40.06520
  -74.07069    40.06140
  -74.07240    40.05960
  -74.06500    40.05960
  -74.06520    40.05820
  -74.06940    40.05920
  -74.06670    40.05840
  -74.06860    40.05769
  -74.06470    40.05780
  -74.06500    40.05589
  -74.07500    40.05791
  -74.08260    40.05540
  -74.09990    40.05630
  -74.10500    40.05479
  -74.10789    40.05640
  -74.10561    40.05490
  -74.10750    40.05370
  -74.10980    40.05521
  -74.10910    40.05670
  -74.11301    40.05690
  -74.11459    40.05420
  -74.11450    40.05080
  -74.11250    40.04910
  -74.10910    40.05000
  -74.10190    40.04761
  -74.09760    40.05150
  -74.09641    40.04970
  -74.08760    40.04649
  -74.08369    40.04849
  -74.08420    40.04590
  -74.08340    40.04880
  -74.07919    40.05130
  -74.08000    40.04630
  -74.07851    40.05190
  -74.07710    40.04930
  -74.07750    40.05130
  -74.07590    40.05130
  -74.07480    40.04860
  -74.07440    40.05099
  -74.06219    40.04930
  -74.05791    40.05040
  -74.05791    40.04730
  -74.06039    40.04610
  -74.05980    40.04179
  -74.05721    40.04010
  -74.06100    40.03819
  -74.06630    40.03889
  -74.06190    40.03751
  -74.05960    40.03410
  -74.06360    40.03571
  -74.06860    40.03300
  -74.07140    40.03320
  -74.06880    40.03259
  -74.06889    40.03110
  -74.07780    40.02910
  -74.07970    40.03090
  -74.08051    40.02940
  -74.08440    40.02980
  -74.07710    40.02879
  -74.08340    40.02560
  -74.08360    40.02330
  -74.08170    40.02209
  -74.07980    40.02460
  -74.07590    40.02180
  -74.08479    40.01570
  -74.08659    40.01230
  -74.09331    40.01370
  -74.09480    40.01640
  -74.09711    40.01450
  -74.10451    40.01570
  -74.10699    40.02060
  -74.10890    40.02100
  -74.10800    40.02490
  -74.10590    40.02620
  -74.11220    40.02480
  -74.11430    40.02271
  -74.11520    40.02440
  -74.11420    40.01950
  -74.12140    40.02049
  -74.12770    40.01860
  -74.14410    40.01830
  -74.14400    40.01820
  -74.14169    40.01790
  -74.13200    40.01830
  -74.12891    40.01790
  -74.12540    40.01830
  -74.11920    40.01700
  -74.11571    40.01680
  -74.11349    40.01250
  -74.10741    40.01260
  -74.10960    40.00340
  -74.11760    40.00079
  -74.12489    40.00079
  -74.12511    40.00200
  -74.12810    40.00000
  -74.12730    40.00340
  -74.12869    40.00090
  -74.12810    40.00340
  -74.12900    40.00110
  -74.12990    40.00340
  -74.13120    40.00150
  -74.12900    40.00000
  -74.13631    40.00301
  -74.15289    40.00639
  -74.14391    40.00281
  -74.13860    40.00240
  -74.13631    39.99890
  -74.13789    39.99840
  -74.14120    40.00079
  -74.14250    39.99921
  -74.14230    39.99921
  -74.14191    39.99980
  -74.14101    39.99940
  -74.14140    39.99870
  -74.14000    39.99899
  -74.14020    39.99809
  -74.13960    39.99879
  -74.13870    39.99850
  -74.13921    39.99770
  -74.13631    39.99850
  -74.13699    39.99710
  -74.13820    39.99690
  -74.14349    39.99910
  -74.14250    39.99780
  -74.14619    39.99800
  -74.14700    39.99590
  -74.15021    39.99550
  -74.14900    39.99480
  -74.15080    39.99409
  -74.14600    39.99390
  -74.14880    39.99319
  -74.14661    39.99300
  -74.14931    39.99229
  -74.14720    39.99210
  -74.14880    39.99150
  -74.14799    39.99049
  -74.14439    39.99471
  -74.14720    39.99001
  -74.14330    39.98860
  -74.14670    39.99020
  -74.14259    39.98959
  -74.14600    39.99120
  -74.14211    39.99040
  -74.14500    39.99260
  -74.14140    39.99130
  -74.14439    39.99350
  -74.14079    39.99210
  -74.14380    39.99429
  -74.13960    39.99271
  -74.14281    39.98830
  -74.13840    39.98770
  -74.14160    39.98940
  -74.13800    39.98869
  -74.14101    39.99020
  -74.13789    39.98970
  -74.13980    39.99170
  -74.13670    39.99020
  -74.13760    39.98650
  -74.13409    39.98970
  -74.12950    39.98820
  -74.12849    39.98711
  -74.13120    39.98340
  -74.12320    39.98730
  -74.12120    39.99060
  -74.11800    39.99110
  -74.11530    39.99480
  -74.11420    39.99390
  -74.11501    39.99150
  -74.11130    39.99159
  -74.11520    39.98210
  -74.12610    39.97940
  -74.12170    39.98039
  -74.11290    39.97530
  -74.10899    39.97560
  -74.11011    39.97031
  -74.11310    39.96831
  -74.11099    39.96651
  -74.11990    39.96150
  -74.11720    39.96339
  -74.12019    39.96230
  -74.11780    39.96420
  -74.12061    39.96320
  -74.11861    39.96490
  -74.12090    39.96420
  -74.11940    39.96581
  -74.12140    39.96519
  -74.12061    39.96730
  -74.12270    39.96741
  -74.12190    39.96519
  -74.12379    39.96590
  -74.12210    39.96490
  -74.12430    39.96449
  -74.12151    39.96410
  -74.12430    39.96359
  -74.12120    39.96320
  -74.12430    39.96280
  -74.12080    39.96230
  -74.12421    39.96170
  -74.12050    39.96111
  -74.12370    39.96040
  -74.12801    39.96210
  -74.12250    39.95990
  -74.12260    39.95850
  -74.11909    39.95990
  -74.11580    39.95920
  -74.11459    39.95700
  -74.11220    39.95711
  -74.11250    39.95490
  -74.11700    39.95520
  -74.11720    39.95731
  -74.11819    39.95540
  -74.11839    39.95740
  -74.11861    39.95531
  -74.11929    39.95740
  -74.12070    39.95551
  -74.12080    39.95750
  -74.12100    39.95551
  -74.12300    39.95531
  -74.11220    39.95461
  -74.11169    39.95760
  -74.11349    39.95880
  -74.11290    39.96140
  -74.11099    39.96120
  -74.10970    39.95531
  -74.11110    39.95200
  -74.11380    39.95219
  -74.11169    39.95290
  -74.11380    39.95370
  -74.11160    39.95370
  -74.11810    39.95410
  -74.11420    39.95280
  -74.11830    39.95219
  -74.11169    39.95190
  -74.11830    39.95151
  -74.11571    39.95110
  -74.11850    39.95030
  -74.11230    39.95081
  -74.11440    39.94881
  -74.10750    39.94720
  -74.11980    39.94791
  -74.11681    39.94740
  -74.11990    39.94580
  -74.11549    39.94730
  -74.11630    39.94490
  -74.12160    39.94431
  -74.12131    39.94839
  -74.12010    39.94859
  -74.12430    39.94881
  -74.12170    39.94839
  -74.12210    39.94411
  -74.13350    39.94220
  -74.13350    39.94220
  -74.13910    39.93671
  -74.14011    39.93829
  -74.14259    39.93790
  -74.14310    39.93970
  -74.14400    39.93810
  -74.15440    39.94099
  -74.15640    39.94569
  -74.16090    39.94839
  -74.15930    39.94659
  -74.15939    39.94470
  -74.16080    39.94479
  -74.16260    39.94730
  -74.16710    39.94920
  -74.17020    39.94659
  -74.17690    39.94820
  -74.17870    39.94420
  -74.17870    39.94769
  -74.17970    39.94510
  -74.18260    39.94650
  -74.18469    39.94530
  -74.18930    39.94910
  -74.19749    39.94901
  -74.19540    39.94580
  -74.19070    39.94749
  -74.19070    39.94530
  -74.18890    39.94231
  -74.18610    39.94119
  -74.18401    39.94220
  -74.17909    39.93810
  -74.17470    39.94090
  -74.16631    39.93990
  -74.16330    39.93770
  -74.15340    39.93680
  -74.15610    39.93640
  -74.15250    39.93570
  -74.15430    39.93401
  -74.15190    39.93381
  -74.15691    39.93179
  -74.14630    39.93390
  -74.14580    39.93381
  -74.14481    39.93120
  -74.14590    39.93080
  -74.14470    39.93089
  -74.14420    39.93159
  -74.14270    39.92960
  -74.13940    39.92990
  -74.13350    39.92760
  -74.12500    39.92860
  -74.12050    39.93100
  -74.11929    39.92960
  -74.12180    39.92821
  -74.12010    39.92751
  -74.12340    39.92731
  -74.11819    39.92709
  -74.11960    39.92850
  -74.11690    39.92909
  -74.11830    39.92979
  -74.11749    39.93130
  -74.11320    39.93159
  -74.10910    39.92909
  -74.10699    39.93089
  -74.10870    39.93140
  -74.10941    39.92979
  -74.11090    39.93140
  -74.10780    39.93159
  -74.10550    39.92979
  -74.10831    39.92300
  -74.10760    39.92619
  -74.11160    39.92650
  -74.10970    39.92841
  -74.10960    39.92860
  -74.10899    39.92799
  -74.10870    39.92841
  -74.10870    39.92790
  -74.10831    39.92770
  -74.10800    39.92770
  -74.10719    39.92740
  -74.10710    39.92770
  -74.10710    39.92780
  -74.10840    39.92799
  -74.10851    39.92860
  -74.10870    39.92870
  -74.10960    39.92880
  -74.11011    39.92830
  -74.11211    39.92909
  -74.11220    39.92909
  -74.11369    39.92830
  -74.11391    39.92860
  -74.11450    39.92880
  -74.11490    39.92900
  -74.11400    39.92990
  -74.11501    39.92960
  -74.11520    39.92950
  -74.11520    39.92900
  -74.11510    39.92889
  -74.11400    39.92841
  -74.11391    39.92830
  -74.11380    39.92821
  -74.11050    39.92841
  -74.11200    39.92670
  -74.11099    39.92439
  -74.11349    39.92329
  -74.11011    39.92400
  -74.11279    39.92220
  -74.11020    39.92149
  -74.10820    39.92290
  -74.10809    39.92059
  -74.11250    39.91940
  -74.11681    39.91420
  -74.11900    39.91580
  -74.11940    39.91280
  -74.13181    39.90280
  -74.13161    39.90080
  -74.13541    39.89960
  -74.13080    39.89909
  -74.13480    39.89819
  -74.13550    39.89650
  -74.13341    39.89600
  -74.13370    39.89330
  -74.13440    39.89490
  -74.13609    39.89450
  -74.13440    39.89240
  -74.13699    39.89310
  -74.13721    39.89030
  -74.13890    39.88960
  -74.13589    39.88969
  -74.13921    39.88721
  -74.13640    39.88780
  -74.13640    39.88560
  -74.13820    39.88460
  -74.13721    39.88570
  -74.14101    39.88609
  -74.13969    39.88409
  -74.14149    39.88451
  -74.14130    39.88330
  -74.13690    39.88220
  -74.14220    39.88091
  -74.13710    39.87910
  -74.13670    39.87720
  -74.13870    39.87860
  -74.14020    39.87610
  -74.13850    39.87399
  -74.13589    39.87640
  -74.13451    39.87560
  -74.13609    39.87560
  -74.13530    39.87331
  -74.13161    39.87440
  -74.13130    39.86900
  -74.13091    39.86330
  -74.13460    39.86150
  -74.13150    39.85950
  -74.12910    39.86050
  -74.12900    39.85941
  -74.13240    39.85490
  -74.13560    39.85660
  -74.13940    39.85500
  -74.13609    39.85429
  -74.14059    39.85110
  -74.14450    39.84370
  -74.14700    39.84171
  -74.14340    39.84070
  -74.14430    39.83890
  -74.16100    39.82809
  -74.16110    39.82330
  -74.15990    39.82291
  -74.16170    39.81850
  -74.17090    39.81110
  -74.16969    39.80830
  -74.17140    39.80580
  -74.18069    39.79770
  -74.18221    39.78760
  -74.18739    39.77870
  -74.18620    39.77350
  -74.19160    39.76660
  -74.19290    39.76151
  -74.19009    39.75079
  -74.19411    39.74730
  -74.18919    39.74660
  -74.18350    39.74130
  -74.16380    39.73689
  -74.16400    39.73470
  -74.16710    39.73520
  -74.16721    39.73689
  -74.17050    39.73441
  -74.17410    39.73550
  -74.17590    39.73450
  -74.16940    39.73399
  -74.16969    39.73000
  -74.16631    39.72861
  -74.17030    39.72681
  -74.16780    39.72520
  -74.16840    39.72391
  -74.16400    39.72330
  -74.16589    39.72240
  -74.16600    39.71941
  -74.16409    39.71730
  -74.16541    39.71561
  -74.16560    39.71330
  -74.16029    39.71400
  -74.15891    39.71091
  -74.16270    39.71111
  -74.16299    39.70970
  -74.17000    39.70731
  -74.16840    39.70250
  -74.17050    39.70250
  -74.17110    39.69930
  -74.17690    39.69591
  -74.18629    39.68710
  -74.19070    39.68559
  -74.19080    39.68381
  -74.19330    39.68250
  -74.19330    39.68559
  -74.19591    39.68590
  -74.20110    39.68350
  -74.20000    39.67931
  -74.18950    39.68010
  -74.18840    39.67870
  -74.19020    39.67540
  -74.19540    39.67630
  -74.19330    39.67751
  -74.20070    39.67480
  -74.20551    39.67529
  -74.21359    39.66940
  -74.21600    39.66530
  -74.21840    39.66490
  -74.21700    39.66400
  -74.21919    39.65669
  -74.21410    39.65070
  -74.21770    39.64729
  -74.21840    39.64439
  -74.22070    39.64349
  -74.23070    39.64549
  -74.24210    39.64380
  -74.24310    39.64610
  -74.24471    39.64619
  -74.24460    39.64380
  -74.24840    39.64391
  -74.25150    39.64169
  -74.25110    39.63251
  -74.25670    39.63049
  -74.25610    39.62730
  -74.25310    39.62669
  -74.25510    39.62230
  -74.26170    39.62131
  -74.26421    39.61819
  -74.26109    39.60840
  -74.26221    39.60519
  -74.26781    39.60350
  -74.27209    39.60550
  -74.27229    39.60950
  -74.27580    39.60890
  -74.27631    39.61000
  -74.27420    39.61090
  -74.27950    39.61079
  -74.28259    39.61290
  -74.28391    39.61060
  -74.28600    39.61079
  -74.28990    39.61040
  -74.29160    39.60851
  -74.28931    39.60510
  -74.29089    39.60130
  -74.29730    39.60550
  -74.30020    39.60609
  -74.30310    39.60460
  -74.29980    39.60550
  -74.30099    39.60291
  -74.30499    39.60130
  -74.30740    39.59770
  -74.31050    39.59711
  -74.31120    39.59470
  -74.31470    39.59360
  -74.31461    39.58640
  -74.32320    39.58510
  -74.32590    39.57990
  -74.32460    39.57570
  -74.33160    39.57610
  -74.33479    39.57990
  -74.33659    39.57950
  -74.33929    39.57339
  -74.33771    39.56880
  -74.34190    39.56531
  -74.34100    39.56351
  -74.33701    39.56360
  -74.33189    39.56120
  -74.32671    39.55330
  -74.31850    39.55341
  -74.31920    39.54860
  -74.31731    39.54660
  -74.31889    39.54530
  -74.31520    39.54530
  -74.29849    39.53830
  -74.29750    39.52130
  -74.29919    39.51590
  -74.30760    39.50751
  -74.31610    39.50610
  -74.32590    39.50710
  -74.33299    39.51019
  -74.33459    39.51489
  -74.33350    39.52000
  -74.32210    39.52170
  -74.32800    39.52251
  -74.32581    39.52600
  -74.32980    39.52910
  -74.33150    39.53540
  -74.32561    39.53810
  -74.33180    39.53850
  -74.33389    39.54030
  -74.33231    39.54221
  -74.32870    39.54210
  -74.33150    39.54390
  -74.33540    39.54201
  -74.33730    39.53810
  -74.35181    39.54449
  -74.35580    39.54480
  -74.37300    39.54330
  -74.37711    39.54420
  -74.38319    39.53951
  -74.38620    39.53889
  -74.38600    39.54111
  -74.38750    39.54120
  -74.38710    39.53909
  -74.39450    39.53770
  -74.39470    39.54060
  -74.39771    39.54460
  -74.39610    39.54980
  -74.41090    39.55119
  -74.41409    39.55000
  -74.41350    39.55701
  -74.41650    39.55940
  -74.41940    39.55730
  -74.42740    39.55299
  -74.43350    39.55550
  -74.43820    39.55389
  -74.43900    39.55130
  -74.43381    39.54370
  -74.43530    39.54140
  -74.43880    39.54070
  -74.44611    39.54640
  -74.44550    39.54131
  -74.43961    39.53760
  -74.43060    39.53841
  -74.43150    39.54201
  -74.43021    39.54230
  -74.43221    39.54620
  -74.43120    39.54739
  -74.43680    39.55231
  -74.43430    39.55330
  -74.42960    39.54970
  -74.42390    39.55029
  -74.41879    39.55499
  -74.42010    39.55161
  -74.41890    39.54691
  -74.41341    39.54469
  -74.41530    39.54510
  -74.41690    39.54250
  -74.41020    39.53709
  -74.41260    39.52831
  -74.41150    39.52049
  -74.41600    39.51939
  -74.42590    39.52341
  -74.43190    39.52180
  -74.43520    39.51810
  -74.43730    39.51990
  -74.43680    39.51860
  -74.43480    39.51781
  -74.43159    39.52130
  -74.42560    39.52290
  -74.42360    39.52080
  -74.41470    39.51781
  -74.41431    39.51489
  -74.41020    39.51320
  -74.40970    39.50771
  -74.41270    39.50459
  -74.41010    39.50650
  -74.40759    39.50290
  -74.40930    39.50070
  -74.40601    39.50101
  -74.40331    39.49710
  -74.39909    39.49660
  -74.39680    39.49460
  -74.39510    39.49130
  -74.38750    39.48900
  -74.38651    39.48680
  -74.38260    39.48621
  -74.37750    39.48260
  -74.38080    39.48180
  -74.38541    39.47560
  -74.38960    39.47560
  -74.39059    39.47690
  -74.39011    39.47501
  -74.40340    39.47720
  -74.40610    39.48030
  -74.40491    39.48351
  -74.40109    39.48421
  -74.40199    39.48570
  -74.41130    39.48630
  -74.40950    39.48430
  -74.40961    39.47890
  -74.41071    39.47780
  -74.41510    39.47839
  -74.41431    39.47729
  -74.41920    39.47530
  -74.41600    39.47600
  -74.41380    39.47440
  -74.40770    39.47391
  -74.40630    39.47321
  -74.40700    39.47169
  -74.40421    39.47260
  -74.40469    39.47121
  -74.40210    39.47200
  -74.40430    39.46989
  -74.39931    39.47040
  -74.39450    39.45779
  -74.40450    39.46111
  -74.41130    39.46140
  -74.41000    39.45979
  -74.41180    39.45950
  -74.40100    39.45290
  -74.39861    39.45320
  -74.40140    39.45140
  -74.40620    39.45370
  -74.40849    39.45171
  -74.40610    39.45329
  -74.40179    39.45090
  -74.39890    39.45129
  -74.39900    39.44749
  -74.39391    39.44580
  -74.39230    39.44400
  -74.39310    39.44220
  -74.40160    39.43860
  -74.40630    39.44200
  -74.40700    39.44130
  -74.40230    39.43860
  -74.40491    39.43500
  -74.41180    39.43520
  -74.41209    39.43539
  -74.41180    39.43649
  -74.41280    39.43700
  -74.41550    39.43629
  -74.41251    39.43680
  -74.41229    39.43671
  -74.41251    39.43530
  -74.41670    39.43600
  -74.42590    39.44820
  -74.42900    39.45540
  -74.43440    39.45720
  -74.43919    39.45200
  -74.43941    39.45410
  -74.44240    39.45610
  -74.43919    39.45979
  -74.43970    39.46120
  -74.44160    39.45750
  -74.44670    39.45700
  -74.44881    39.45351
  -74.44749    39.45100
  -74.44839    39.44760
  -74.45509    39.44791
  -74.45630    39.44630
  -74.45689    39.44760
  -74.45880    39.44560
  -74.46069    39.44600
  -74.45920    39.44501
  -74.46170    39.44279
  -74.45930    39.44170
  -74.46069    39.43660
  -74.46400    39.43500
  -74.46410    39.42300
  -74.46710    39.42050
  -74.47250    39.41949
  -74.48129    39.42070
  -74.48120    39.42290
  -74.48199    39.41859
  -74.48531    39.41499
  -74.48730    39.40370
  -74.49181    39.39890
  -74.48779    39.39510
  -74.48779    39.39510
  -74.47780    39.39410
  -74.47160    39.39639
  -74.47090    39.40030
  -74.46899    39.40100
  -74.46201    39.39780
  -74.46339    39.39330
  -74.46960    39.39230
  -74.47050    39.39020
  -74.46910    39.38831
  -74.47490    39.38989
  -74.46570    39.38609
  -74.47260    39.38609
  -74.47169    39.38510
  -74.47501    39.38370
  -74.47929    39.38390
  -74.47501    39.38341
  -74.47169    39.38440
  -74.47501    39.38290
  -74.47141    39.38370
  -74.47130    39.38460
  -74.46980    39.38530
  -74.46539    39.38510
  -74.46980    39.38210
  -74.46970    39.37560
  -74.46880    39.37511
  -74.46620    39.37500
  -74.46140    39.37691
  -74.46060    39.37280
  -74.45351    39.36839
  -74.44870    39.36830
  -74.44659    39.36580
  -74.44749    39.36169
  -74.44940    39.36110
  -74.45760    39.36639
  -74.46429    39.36650
  -74.47060    39.36940
  -74.48080    39.36960
  -74.48441    39.37131
  -74.48470    39.37550
  -74.48830    39.37700
  -74.49490    39.37260
  -74.49660    39.37360
  -74.49640    39.37720
  -74.50800    39.38370
  -74.51559    39.38440
  -74.52080    39.38670
  -74.51640    39.38440
  -74.52240    39.38049
  -74.52620    39.37350
  -74.52080    39.36740
  -74.51880    39.36340
  -74.52161    39.35609
  -74.52550    39.35390
  -74.53510    39.35500
  -74.53870    39.35339
  -74.54041    39.34940
  -74.53690    39.34320
  -74.54100    39.33430
  -74.54379    39.33411
  -74.54311    39.33681
  -74.54601    39.34151
  -74.54480    39.34100
  -74.54530    39.34480
  -74.54720    39.34641
  -74.55020    39.34540
  -74.55580    39.34830
  -74.55450    39.34740
  -74.55679    39.34669
  -74.55440    39.34689
  -74.55490    39.34489
  -74.55750    39.34399
  -74.55791    39.34210
  -74.56310    39.34140
  -74.56180    39.33929
  -74.56490    39.33780
  -74.56180    39.33440
  -74.56480    39.33121
  -74.56610    39.33090
  -74.56870    39.33141
  -74.56931    39.33121
  -74.57021    39.33060
  -74.56889    39.32640
  -74.56760    39.32570
  -74.57140    39.32761
  -74.57040    39.32620
  -74.56850    39.32550
  -74.56630    39.32530
  -74.56931    39.33060
  -74.56441    39.33070
  -74.55960    39.33640
  -74.55701    39.33380
  -74.56120    39.33020
  -74.55910    39.32530
  -74.56039    39.32410
  -74.55330    39.32339
  -74.55090    39.32140
  -74.55119    39.31979
  -74.55980    39.31689
  -74.55850    39.31650
  -74.55991    39.31500
  -74.56740    39.31709
  -74.56551    39.32060
  -74.56990    39.31731
  -74.56160    39.31410
  -74.56180    39.30949
  -74.56470    39.30650
  -74.56500    39.30769
  -74.56779    39.30321
  -74.57080    39.30310
  -74.57990    39.30960
  -74.57719    39.31070
  -74.57899    39.31129
  -74.57890    39.31340
  -74.57950    39.31090
  -74.58121    39.31030
  -74.58730    39.31380
  -74.58470    39.31680
  -74.57860    39.31680
  -74.57640    39.31821
  -74.57629    39.31709
  -74.57240    39.31860
  -74.57320    39.31931
  -74.57130    39.31931
  -74.56970    39.32111
  -74.57300    39.31970
  -74.57420    39.32359
  -74.57600    39.32159
  -74.58031    39.32100
  -74.58231    39.31790
  -74.58380    39.31760
  -74.58540    39.31731
  -74.58720    39.31540
  -74.58890    39.31641
  -74.58960    39.31531
  -74.58800    39.31509
  -74.58710    39.31160
  -74.59210    39.31110
  -74.59821    39.30730
  -74.61079    39.30569
  -74.61070    39.30701
  -74.61450    39.30360
  -74.61140    39.30141
  -74.61501    39.29820
  -74.62000    39.30020
  -74.62309    39.29221
  -74.62660    39.29280
  -74.63580    39.29240
  -74.63010    39.28810
  -74.62331    39.28819
  -74.61520    39.28320
  -74.61650    39.27950
  -74.62300    39.27991
  -74.62260    39.27721
  -74.62430    39.27609
  -74.62289    39.27440
  -74.62730    39.27341
  -74.62830    39.26131
  -74.63091    39.25700
  -74.62959    39.25450
  -74.62801    39.25459
  -74.62830    39.25281
  -74.62469    39.25439
  -74.62480    39.25729
  -74.62019    39.26089
  -74.61800    39.25929
  -74.61670    39.26100
  -74.61510    39.25890
  -74.61560    39.26019
  -74.61400    39.26041
  -74.61340    39.26250
  -74.60840    39.26370
  -74.60770    39.26570
  -74.60930    39.26770
  -74.60249    39.27139
  -74.60110    39.27589
  -74.59911    39.27609
  -74.59950    39.27420
  -74.59460    39.27020
  -74.59869    39.27440
  -74.59750    39.27480
  -74.59821    39.27640
  -74.59579    39.27350
  -74.59380    39.27409
  -74.59560    39.27409
  -74.59480    39.27530
  -74.59230    39.27420
  -74.59120    39.27660
  -74.58440    39.27890
  -74.58141    39.28250
  -74.57899    39.28210
  -74.57970    39.28310
  -74.56470    39.29370
  -74.56329    39.29359
  -74.56380    39.29201
  -74.56081    39.29379
  -74.56329    39.29460
  -74.55940    39.29700
  -74.55690    39.29739
  -74.55161    39.29340
  -74.55330    39.28690
  -74.56140    39.27859
  -74.58099    39.27110
  -74.59531    39.26109
  -74.62241    39.23730
  -74.63780    39.21910
  -74.64650    39.21201
  -74.64810    39.21330
  -74.66670    39.19830
  -74.67931    39.20171
  -74.68610    39.19890
  -74.68629    39.19910
  -74.69279    39.19910
  -74.69760    39.19760
  -74.69150    39.19839
  -74.69160    39.19830
  -74.69260    39.19791
  -74.69550    39.19279
  -74.70180    39.18761
  -74.71080    39.18469
  -74.71150    39.18159
  -74.70950    39.17731
  -74.71310    39.17889
  -74.70441    39.17340
  -74.70551    39.16750
  -74.70070    39.16690
  -74.69850    39.16890
  -74.69279    39.16721
  -74.68520    39.16820
  -74.68520    39.17030
  -74.67780    39.17821
  -74.67900    39.18010
  -74.67821    39.18280
  -74.67380    39.18340
  -74.67070    39.18700
  -74.67371    39.19099
  -74.66859    39.19150
  -74.66940    39.19431
  -74.66350    39.19450
  -74.65970    39.19630
  -74.65260    39.20329
  -74.65160    39.20770
  -74.64931    39.20950
  -74.64810    39.20090
  -74.65800    39.19389
  -74.67010    39.18150
  -74.69749    39.14490
  -74.70979    39.12331
  -74.71440    39.11980
  -74.71651    39.11940
  -74.71780    39.12120
  -74.71390    39.12650
  -74.71420    39.13789
  -74.70889    39.14250
  -74.70970    39.14349
  -74.71609    39.13811
  -74.71770    39.13870
  -74.72000    39.13680
  -74.71710    39.12930
  -74.72110    39.12650
  -74.72180    39.12109
  -74.73190    39.11850
  -74.73230    39.11600
  -74.72791    39.11510
  -74.73210    39.11440
  -74.73500    39.11000
  -74.73801    39.11000
  -74.74040    39.11230
  -74.73891    39.11020
  -74.74741    39.10730
  -74.75060    39.10091
  -74.75380    39.10310
  -74.76019    39.10271
  -74.76489    39.10890
  -74.77341    39.11050
  -74.77560    39.10840
  -74.78070    39.10831
  -74.79030    39.10249
  -74.78990    39.10040
  -74.79221    39.09911
  -74.79150    39.09700
  -74.79750    39.09280
  -74.79539    39.08870
  -74.78860    39.09100
  -74.78529    39.08800
  -74.78680    39.08400
  -74.78481    39.08099
  -74.78419    39.06770
  -74.78220    39.07170
  -74.77589    39.06900
  -74.76820    39.06990
  -74.76700    39.06810
  -74.77010    39.06531
  -74.76930    39.06300
  -74.76891    39.06560
  -74.76590    39.06850
  -74.76700    39.07100
  -74.76421    39.07050
  -74.76109    39.06590
  -74.76331    39.05969
  -74.76750    39.05721
  -74.76990    39.05721
  -74.77760    39.04961
  -74.78329    39.04131
  -74.78340    39.04010
  -74.78200    39.04100
  -74.78200    39.03830
  -74.79210    39.02879
  -74.80051    39.03090
  -74.79770    39.03630
  -74.79871    39.03860
  -74.80710    39.04070
  -74.80991    39.04320
  -74.81081    39.04221
  -74.80870    39.03979
  -74.80190    39.03590
  -74.80400    39.03349
  -74.81059    39.03259
  -74.81390    39.02840
  -74.81250    39.01930
  -74.81680    39.02271
  -74.82390    39.02110
  -74.82700    39.01770
  -74.83000    39.01880
  -74.82730    39.01711
  -74.82820    39.01489
  -74.82651    39.01331
  -74.82730    39.01109
  -74.83009    39.01019
  -74.83009    39.00819
  -74.83389    39.00940
  -74.83240    39.01289
  -74.83400    39.01500
  -74.84039    39.01500
  -74.84309    39.01640
  -74.77370    39.07210
  -74.84309    39.01790
  -74.84570    39.01820
  -74.84850    39.01601
  -74.84770    39.01350
  -74.85291    39.00681
  -74.85150    39.00391
  -74.85310    39.00000
  -74.85060    39.00000
  -74.84540    39.00591
  -74.84650    39.00310
  -74.84370    39.00310
  -74.84470    39.00169
  -74.84250    39.00130
  -74.84210    38.99870
  -74.83850    38.99910
  -74.83749    38.99440
  -74.83459    38.99339
  -74.83440    38.99091
  -74.83620    38.99071
  -74.83881    38.98560
  -74.83850    38.97920
  -74.84230    38.97971
  -74.84360    38.97771
  -74.84520    38.98061
  -74.84230    38.98669
  -74.84550    38.98450
  -74.84590    38.98151
  -74.85110    38.97929
  -74.84850    38.97749
  -74.84720    38.97031
  -74.84351    38.97070
  -74.83411    38.98100
  -74.83260    38.98610
  -74.83051    38.98801
  -74.83411    38.98911
  -74.83200    38.99091
  -74.83150    38.99409
  -74.83369    38.99429
  -74.83490    38.99730
  -74.83290    39.00090
  -74.82899    39.00121
  -74.82950    39.00650
  -74.81990    39.00200
  -74.81281    39.00470
  -74.81059    39.00780
  -74.81270    39.01151
  -74.80930    39.01190
  -74.80750    39.01691
  -74.80360    39.01920
  -74.80360    39.02150
  -74.81219    39.02589
  -74.81020    39.03000
  -74.80791    39.03120
  -74.79871    39.02721
  -74.80190    39.02290
  -74.80029    39.02020
  -74.80040    39.02341
  -74.79620    39.02480
  -74.79440    39.01360
  -74.79201    39.01199
  -74.78680    39.00000
  -74.79311    38.99190
  -74.80830    38.98579
  -74.81970    38.97929
  -74.85110    38.95441
  -74.86481    38.94031
  -74.86909    38.94270
  -74.88350    38.94150
  -74.90660    38.93190
  -74.92081    38.92900
  -74.93401    38.92841
  -74.93559    38.93069
  -74.94389    38.93190
  -74.96539    38.93159
  -74.97240    38.94031
  -74.97070    38.94119
  -74.97090    38.94380
  -74.96320    38.96291
  -74.96429    38.96770
  -74.95720    38.99600
  -74.95720    38.99600
  -74.94650    39.02180
  -74.91969    39.06419
  -74.89270    39.11391
  -74.89000    39.14030
  -74.88620    39.14410
  -74.88721    39.15790
  -74.89200    39.16029
  -74.89250    39.16280
   -1.00000  8008.00000
  -74.11890    39.74969
  -74.11670    39.74870
  -74.11620    39.74770
  -74.11929    39.74300
  -74.12100    39.74200
  -74.12070    39.74100
  -74.12370    39.74150
  -74.12421    39.74080
  -74.12131    39.73911
  -74.12120    39.73770
  -74.12260    39.73801
  -74.12379    39.73640
  -74.12250    39.73399
  -74.12540    39.73190
  -74.13240    39.73170
  -74.13470    39.73000
  -74.13490    39.72650
  -74.12740    39.72780
  -74.12570    39.72881
  -74.12531    39.72820
  -74.13190    39.72639
  -74.13200    39.72520
  -74.13330    39.72600
  -74.13400    39.72580
  -74.13420    39.72470
  -74.13510    39.72569
  -74.13600    39.72549
  -74.13429    39.72189
  -74.13290    39.72079
  -74.12970    39.72169
  -74.13000    39.71970
  -74.13190    39.71429
  -74.13319    39.71390
  -74.13290    39.71271
  -74.13429    39.71170
  -74.13440    39.71049
  -74.13541    39.71100
  -74.13770    39.70850
  -74.13800    39.70760
  -74.13541    39.70630
  -74.13721    39.70500
  -74.13800    39.70261
  -74.14050    39.70190
  -74.14349    39.70280
  -74.14430    39.70151
  -74.14240    39.70050
  -74.14481    39.70090
  -74.14540    39.70000
  -74.14461    39.69839
  -74.14600    39.69679
  -74.14590    39.69580
  -74.14510    39.69510
  -74.14120    39.69720
  -74.14011    39.69690
  -74.14410    39.69380
  -74.14639    39.69299
  -74.14450    39.69270
  -74.14439    39.69189
  -74.14729    39.68750
  -74.15221    39.68700
  -74.15160    39.68610
  -74.14931    39.68539
  -74.15050    39.68550
  -74.15089    39.68410
  -74.15289    39.68381
  -74.15311    39.68120
  -74.15530    39.67909
  -74.15480    39.67821
  -74.15930    39.67410
  -74.16040    39.67220
  -74.16290    39.67101
  -74.16270    39.67039
  -74.16409    39.66879
  -74.17230    39.66440
  -74.17461    39.66431
  -74.17430    39.66240
  -74.17650    39.66090
  -74.17900    39.66161
  -74.18069    39.66119
  -74.17889    39.65961
  -74.17931    39.65860
  -74.17751    39.65750
  -74.17780    39.65649
  -74.17950    39.65660
  -74.18260    39.65511
  -74.18550    39.65221
  -74.18590    39.64880
  -74.18840    39.64461
  -74.18610    39.64481
  -74.18671    39.64120
  -74.18530    39.64050
  -74.18629    39.63930
  -74.18970    39.63989
  -74.18680    39.63750
  -74.18820    39.63730
  -74.18829    39.63510
  -74.19470    39.62891
  -74.19389    39.62740
  -74.19881    39.62540
  -74.20030    39.62340
  -74.19910    39.62151
  -74.20100    39.62000
  -74.20100    39.61740
  -74.20210    39.61520
  -74.20570    39.61481
  -74.20869    39.61301
  -74.20760    39.61050
  -74.21449    39.60310
  -74.21620    39.60220
  -74.21400    39.60049
  -74.21570    39.60069
  -74.21851    39.59740
  -74.21730    39.59660
  -74.21831    39.59509
  -74.22920    39.58740
  -74.22990    39.58640
  -74.22900    39.58400
  -74.22960    39.58170
  -74.22870    39.58080
  -74.22990    39.57890
  -74.23100    39.57870
  -74.23120    39.57739
  -74.23250    39.57761
  -74.23660    39.57449
  -74.23630    39.57159
  -74.23740    39.57179
  -74.24001    39.57001
  -74.25690    39.54469
  -74.25760    39.54449
  -74.25841    39.54691
  -74.26010    39.54680
  -74.26109    39.54210
  -74.25970    39.54140
  -74.26151    39.54170
  -74.26340    39.53900
  -74.26250    39.53951
  -74.26250    39.53850
  -74.26131    39.53880
  -74.26070    39.53810
  -74.26160    39.53751
  -74.26379    39.53850
  -74.26370    39.53641
  -74.26530    39.53430
  -74.26781    39.53371
  -74.27229    39.52840
  -74.27710    39.52589
  -74.27969    39.52040
  -74.27910    39.51900
  -74.28090    39.51880
  -74.28120    39.52110
  -74.28349    39.51891
  -74.28560    39.51559
  -74.28450    39.51180
  -74.29269    39.51120
  -74.29350    39.51260
  -74.29430    39.51060
  -74.29340    39.50920
  -74.29359    39.50790
  -74.29140    39.50771
  -74.27780    39.51401
  -74.26620    39.52910
  -74.26100    39.53220
  -74.25729    39.53850
  -74.24950    39.54790
  -74.24091    39.55479
  -74.23421    39.56290
  -74.22910    39.57140
  -74.21480    39.59200
  -74.20560    39.60390
  -74.19141    39.62500
  -74.17480    39.64709
  -74.16000    39.66470
  -74.13950    39.69310
  -74.13251    39.70490
  -74.12500    39.72121
  -74.11411    39.74060
  -74.11070    39.74519
  -74.10370    39.75169
  -74.10181    39.75630
  -74.10460    39.76421
  -74.10570    39.76480
  -74.11000    39.76190
  -74.11230    39.75690
  -74.11290    39.75140
  -74.11530    39.75000
  -74.11760    39.75310
  -74.11600    39.75310
  -74.11591    39.75420
  -74.11880    39.75450
  -74.11880    39.75510
  -74.11659    39.75529
  -74.11929    39.75929
  -74.11940    39.76540
  -74.11771    39.76820
  -74.11700    39.77130
  -74.11909    39.77319
  -74.12260    39.77431
  -74.12540    39.77251
  -74.12190    39.77170
  -74.12540    39.77110
  -74.12540    39.77049
  -74.12070    39.76820
  -74.12160    39.76601
  -74.12030    39.76100
  -74.12109    39.75861
  -74.12720    39.75729
  -74.12770    39.75549
  -74.12300    39.74850
  -74.12180    39.74831
  -74.11890    39.74969
   -1.00000  8050.00000
  -74.18520    39.65820
  -74.18311    39.65871
  -74.18570    39.65520
  -74.18800    39.65370
  -74.18890    39.65390
  -74.18919    39.65540
  -74.18520    39.65820
   -1.00000  8203.00000
  -74.35110    39.43910
  -74.34430    39.44020
  -74.34560    39.44080
  -74.33620    39.44180
  -74.33400    39.43640
  -74.33521    39.43190
  -74.34489    39.42371
  -74.36740    39.40190
  -74.38510    39.39011
  -74.39330    39.38651
  -74.40710    39.37740
  -74.40720    39.37379
  -74.40800    39.37390
  -74.41080    39.37790
  -74.41451    39.37970
  -74.41451    39.38091
  -74.41319    39.38000
  -74.41229    39.38010
  -74.41260    39.38091
  -74.41631    39.38290
  -74.41760    39.38190
  -74.41879    39.38229
  -74.41830    39.38620
  -74.42000    39.38680
  -74.42101    39.38831
  -74.41949    39.38921
  -74.41991    39.39090
  -74.41830    39.39250
  -74.41660    39.39301
  -74.41550    39.39000
  -74.41479    39.38989
  -74.40700    39.39340
  -74.40950    39.39940
  -74.40950    39.40199
  -74.40240    39.39529
  -74.38940    39.39560
  -74.38181    39.40160
  -74.37511    39.40421
  -74.37360    39.40750
  -74.37019    39.40871
  -74.36971    39.41000
  -74.37440    39.40891
  -74.37730    39.41260
  -74.38290    39.41510
  -74.38370    39.41769
  -74.38029    39.41910
  -74.37759    39.41920
  -74.36650    39.42371
  -74.36520    39.42320
  -74.36440    39.42070
  -74.35800    39.41530
  -74.35699    39.41600
  -74.35660    39.41780
  -74.35339    39.41910
  -74.35339    39.42081
  -74.35130    39.42130
  -74.35440    39.42340
  -74.35370    39.42390
  -74.35420    39.42439
  -74.35320    39.42799
  -74.35130    39.42850
  -74.34650    39.42780
  -74.34579    39.42870
  -74.34660    39.42990
  -74.34520    39.43170
  -74.34351    39.42931
  -74.34309    39.43190
  -74.33900    39.43449
  -74.33859    39.43559
  -74.33910    39.43620
  -74.34180    39.43559
  -74.34129    39.43520
  -74.34520    39.43210
  -74.34680    39.43370
  -74.34550    39.43469
  -74.34711    39.43739
  -74.35001    39.43761
  -74.35049    39.43671
  -74.35100    39.43700
  -74.35001    39.43610
  -74.35110    39.43491
  -74.35040    39.43491
  -74.35150    39.43190
  -74.35361    39.43120
  -74.35519    39.43440
  -74.35730    39.43640
  -74.35570    39.43770
  -74.35110    39.43910
   -1.00000  8203.00000
  -74.45580    39.41409
  -74.45630    39.41460
  -74.45689    39.41389
  -74.45580    39.41251
  -74.45720    39.41280
  -74.45689    39.41119
  -74.45700    39.41020
  -74.45151    39.40810
  -74.45380    39.40790
  -74.45290    39.40730
  -74.44930    39.40759
  -74.44440    39.40610
  -74.44400    39.40500
  -74.44580    39.40280
  -74.43590    39.40010
  -74.43530    39.40500
  -74.44090    39.40981
  -74.44420    39.40840
  -74.44031    39.41150
  -74.44119    39.41560
  -74.44270    39.41690
  -74.44769    39.41631
  -74.45070    39.41409
  -74.45470    39.41550
  -74.45580    39.41510
  -74.45580    39.41409
   -1.00000  8203.00000
  -74.38130    39.41051
  -74.37950    39.40939
  -74.38060    39.40691
  -74.37959    39.40530
  -74.38181    39.40390
  -74.38390    39.40289
  -74.38370    39.40370
  -74.38499    39.40410
  -74.38901    39.40320
  -74.39020    39.40379
  -74.39011    39.40460
  -74.39450    39.40410
  -74.39951    39.40810
  -74.39970    39.40930
  -74.39870    39.40840
  -74.39670    39.40849
  -74.39690    39.40770
  -74.39630    39.40829
  -74.39690    39.40880
  -74.39850    39.40871
  -74.39951    39.41020
  -74.40100    39.41040
  -74.40060    39.41141
  -74.40199    39.41260
  -74.40131    39.41740
  -74.40060    39.41750
  -74.39900    39.41550
  -74.39810    39.41570
  -74.39149    39.41209
  -74.39220    39.41170
  -74.38850    39.40930
  -74.38609    39.40900
  -74.39000    39.41090
  -74.39011    39.41190
  -74.38879    39.41240
  -74.38341    39.41090
  -74.38210    39.41141
  -74.38220    39.40950
  -74.38130    39.41051
   -1.00000  8203.00000
  -74.38541    39.41740
  -74.38570    39.41640
  -74.38870    39.41640
  -74.39110    39.41840
  -74.39281    39.41960
  -74.39200    39.42200
  -74.39101    39.42200
  -74.39191    39.42360
  -74.38969    39.42419
  -74.39020    39.42619
  -74.38840    39.42610
  -74.38870    39.42670
  -74.38589    39.42931
  -74.38460    39.43269
  -74.38361    39.43159
  -74.38190    39.43130
  -74.38161    39.43040
  -74.37860    39.42960
  -74.37680    39.42799
  -74.37720    39.42670
  -74.37630    39.42560
  -74.37469    39.42610
  -74.37320    39.42430
  -74.37550    39.42149
  -74.38020    39.42030
  -74.38080    39.42180
  -74.38060    39.42020
  -74.38380    39.41901
  -74.38400    39.41980
  -74.38519    39.41769
  -74.38631    39.41830
  -74.38541    39.41740
  -74.38680    39.41830
  -74.38541    39.41740
   -1.00000  8203.00000
  -74.41969    39.41840
  -74.42110    39.41859
  -74.42090    39.42039
  -74.42320    39.42191
  -74.42390    39.42349
  -74.42110    39.42641
  -74.41620    39.42070
  -74.41479    39.42050
  -74.41431    39.41980
  -74.41510    39.41920
  -74.41209    39.41820
  -74.41470    39.41580
  -74.41660    39.41100
  -74.41800    39.40990
  -74.42239    39.40961
  -74.42340    39.41029
  -74.42380    39.41220
  -74.42470    39.41360
  -74.42740    39.41460
  -74.42821    39.41600
  -74.42680    39.41650
  -74.42641    39.41800
  -74.42700    39.41840
  -74.42590    39.41901
  -74.42250    39.41879
  -74.42200    39.41850
  -74.42239    39.41760
  -74.41969    39.41840
   -1.00000  8203.00000
  -74.39560    39.39610
  -74.39340    39.39680
  -74.39301    39.39841
  -74.38789    39.40131
  -74.38960    39.40300
  -74.39270    39.40421
  -74.39400    39.40359
  -74.39420    39.40260
  -74.39610    39.40480
  -74.39810    39.40540
  -74.39931    39.40730
  -74.40050    39.40660
  -74.40010    39.40491
  -74.40080    39.40450
  -74.39999    39.40401
  -74.40089    39.40350
  -74.40401    39.40410
  -74.40410    39.40469
  -74.40720    39.40390
  -74.40810    39.40140
  -74.40649    39.40100
  -74.40450    39.40021
  -74.40260    39.39771
  -74.39990    39.39619
  -74.39560    39.39610
   -1.00000  8203.00000
  -74.35690    39.42821
  -74.35910    39.42661
  -74.36189    39.42770
  -74.36430    39.42680
  -74.36530    39.42780
  -74.36400    39.42990
  -74.36630    39.43210
  -74.36520    39.43401
  -74.35930    39.43500
  -74.35561    39.43210
  -74.35719    39.42999
  -74.35690    39.42821
   -1.00000  8203.00000
  -74.40820    39.40770
  -74.40781    39.40891
  -74.40610    39.40829
  -74.40970    39.40469
  -74.41090    39.40140
  -74.41350    39.40370
  -74.42191    39.40750
  -74.41560    39.40700
  -74.41209    39.40559
  -74.40820    39.40770
   -1.00000  8401.00000
  -74.49420    39.35570
  -74.49049    39.35370
  -74.48650    39.35840
  -74.48280    39.35970
  -74.48230    39.36160
  -74.48241    39.35960
  -74.48621    39.35760
  -74.48489    39.35670
  -74.48170    39.35910
  -74.47430    39.36020
  -74.47490    39.36290
  -74.47391    39.36020
  -74.47260    39.35970
  -74.46770    39.36240
  -74.46570    39.36060
  -74.46500    39.36140
  -74.47231    39.36830
  -74.47610    39.36940
  -74.48370    39.36870
  -74.48621    39.37190
  -74.48669    39.37489
  -74.48860    39.37511
  -74.49260    39.37070
  -74.48801    39.36530
  -74.48959    39.36580
  -74.49120    39.36360
  -74.48940    39.36189
  -74.49150    39.36310
  -74.49561    39.36070
  -74.49680    39.35760
  -74.49969    39.35710
  -74.49600    39.35539
  -74.49420    39.35570
   -1.00000  8401.00000
  -74.43941    39.39050
  -74.43851    39.39070
  -74.44040    39.39600
  -74.44501    39.39430
  -74.45100    39.39700
  -74.45700    39.39400
  -74.45650    39.39470
  -74.46130    39.39740
  -74.46260    39.39281
  -74.46820    39.39101
  -74.46761    39.38890
  -74.46510    39.38600
  -74.46519    39.38451
  -74.46700    39.38220
  -74.46550    39.38110
  -74.46170    39.38330
  -74.45970    39.38229
  -74.45641    39.38519
  -74.45480    39.38940
  -74.44231    39.38969
  -74.43990    39.39030
  -74.44000    39.39140
  -74.43941    39.39050
   -1.00000  8401.00000
  -74.46860    39.37531
  -74.46660    39.37540
  -74.46320    39.37711
  -74.45500    39.37660
  -74.45380    39.37720
  -74.45270    39.37950
  -74.45370    39.38130
  -74.45340    39.38470
  -74.44991    39.38879
  -74.45441    39.38910
  -74.45590    39.38490
  -74.45940    39.38181
  -74.46060    39.38170
  -74.46181    39.38300
  -74.46550    39.38060
  -74.46730    39.38170
  -74.46809    39.38010
  -74.46941    39.37970
  -74.46860    39.37531
   -1.00000  8401.00000
  -74.45779    39.37250
  -74.45470    39.36980
  -74.45081    39.37740
  -74.45880    39.37430
  -74.45779    39.37250
   -1.00000  8406.00000
  -74.50290    39.34700
  -74.50430    39.34711
  -74.50481    39.34531
  -74.49809    39.34610
  -74.49670    39.34740
  -74.50060    39.34930
  -74.49660    39.35100
  -74.49570    39.35020
  -74.49680    39.34930
  -74.49580    39.34770
  -74.49550    39.35181
  -74.49730    39.35460
  -74.50020    39.35530
  -74.50140    39.35370
  -74.50380    39.35330
  -74.50290    39.34700
   -1.00000  8402.00000
  -74.52260    39.34081
  -74.51990    39.34190
  -74.51489    39.34030
  -74.51520    39.33740
  -74.52480    39.32570
  -74.52800    39.32730
  -74.52580    39.32990
  -74.52831    39.32750
  -74.53140    39.32719
  -74.53220    39.32829
  -74.53680    39.33060
  -74.53770    39.33340
  -74.53680    39.33360
  -74.53600    39.33580
  -74.52960    39.33929
  -74.52530    39.33929
  -74.52850    39.33681
  -74.52560    39.33810
  -74.52100    39.33870
  -74.52370    39.33949
  -74.52260    39.34081
   -1.00000  8402.00000
  -74.53259    39.34531
  -74.52480    39.34380
  -74.52000    39.34599
  -74.51680    39.35590
  -74.51370    39.35730
  -74.51131    39.35001
  -74.52380    39.34210
  -74.53290    39.34010
  -74.53760    39.33780
  -74.53729    39.34010
  -74.53259    39.34531
   -1.00000  8402.00000
  -74.53641    39.34610
  -74.53529    39.34540
  -74.52631    39.34660
  -74.52229    39.35080
  -74.52251    39.35159
  -74.53149    39.35429
  -74.53610    39.35381
  -74.53909    39.35049
  -74.53880    39.34740
  -74.53641    39.34610
   -1.00000  8402.00000
  -74.51720    39.34540
  -74.51711    39.34480
  -74.51530    39.34460
  -74.51120    39.34810
  -74.51010    39.34531
  -74.51430    39.34171
  -74.51790    39.34290
  -74.51790    39.34470
  -74.51720    39.34540
   -1.00000  8403.00000
  -74.54539    39.32390
  -74.53870    39.32780
  -74.53169    39.32080
  -74.53520    39.31850
  -74.53529    39.31760
  -74.53799    39.31570
  -74.53999    39.31290
  -74.54359    39.31171
  -74.54440    39.31320
  -74.54330    39.31371
  -74.54390    39.31461
  -74.54300    39.31540
  -74.54480    39.31461
  -74.54359    39.31400
  -74.54469    39.31320
  -74.54500    39.31090
  -74.55490    39.30800
  -74.56219    39.30350
  -74.56230    39.30431
  -74.55940    39.30800
  -74.55840    39.31200
  -74.55791    39.31100
  -74.55640    39.31180
  -74.55630    39.31239
  -74.55791    39.31140
  -74.55780    39.31270
  -74.55540    39.31599
  -74.55130    39.31841
  -74.54910    39.31850
  -74.54860    39.31889
  -74.54970    39.31900
  -74.54539    39.32390
   -1.00000  8403.00000
  -74.55231    39.32910
  -74.54829    39.33211
  -74.54890    39.33569
  -74.54460    39.33560
  -74.54430    39.33389
  -74.54190    39.33340
  -74.53909    39.32880
  -74.54581    39.32449
  -74.54739    39.32700
  -74.54640    39.32961
  -74.54761    39.32719
  -74.55611    39.32739
  -74.55260    39.32790
  -74.55231    39.32910
   -1.00000  8403.00000
  -74.53670    39.31351
  -74.53810    39.31290
  -74.53760    39.31239
  -74.53590    39.31300
  -74.53419    39.31400
  -74.53590    39.31390
  -74.53600    39.31450
  -74.53470    39.31470
  -74.53371    39.31441
  -74.53540    39.31290
  -74.53500    39.31230
  -74.53110    39.31531
  -74.53130    39.31979
  -74.53819    39.31520
  -74.53951    39.31239
  -74.53740    39.31200
  -74.53590    39.31239
  -74.53770    39.31219
  -74.53850    39.31281
  -74.53720    39.31419
  -74.53670    39.31351
   -1.00000  8226.00000
  -74.61240    39.27690
  -74.61160    39.27580
  -74.60809    39.27640
  -74.61050    39.27550
  -74.60870    39.27460
  -74.61140    39.27350
  -74.61031    39.27020
  -74.60719    39.27049
  -74.60500    39.27260
  -74.60320    39.27780
  -74.60010    39.28011
  -74.60249    39.28070
  -74.60260    39.28011
  -74.60690    39.27890
  -74.61110    39.27870
  -74.61270    39.27811
  -74.61240    39.27690
   -1.00000  8226.00000
  -74.58740    39.29620
  -74.58420    39.29849
  -74.58060    39.29970
  -74.58690    39.30209
  -74.59039    39.30099
  -74.59441    39.30090
  -74.59489    39.29950
  -74.59360    39.29750
  -74.58740    39.29620
   -1.00000  8226.00000
  -74.58870    39.27901
  -74.58620    39.27969
  -74.58380    39.28230
  -74.58360    39.28419
  -74.58839    39.28600
  -74.59070    39.28371
  -74.59331    39.28320
  -74.59351    39.28259
  -74.59100    39.28191
  -74.58870    39.27901
   -1.00000  8226.00000
  -74.57739    39.29460
  -74.57660    39.29671
  -74.57829    39.29750
  -74.58430    39.29710
  -74.58659    39.29520
  -74.58600    39.29460
  -74.57950    39.29359
  -74.57739    39.29460
   -1.00000  8226.00000
  -74.58200    39.28490
  -74.58090    39.28610
  -74.58110    39.28740
  -74.57980    39.28770
  -74.57899    39.28900
  -74.58591    39.28970
  -74.58800    39.28909
  -74.58420    39.28850
  -74.58569    39.28780
  -74.58720    39.28850
  -74.58900    39.28810
  -74.58820    39.28709
  -74.58200    39.28490
   -1.00000  8226.00000
  -74.59120    39.30209
  -74.58670    39.30409
  -74.59241    39.30569
  -74.59500    39.30380
  -74.59489    39.30260
  -74.59120    39.30209
   -1.00000  8248.00000
  -74.68359    39.19160
  -74.68140    39.19400
  -74.67650    39.19690
  -74.67320    39.19659
  -74.67641    39.19940
  -74.68491    39.19679
  -74.69031    39.19650
  -74.69141    39.19360
  -74.69440    39.19040
  -74.69530    39.19060
  -74.69730    39.18890
  -74.68800    39.18970
  -74.68851    39.19040
  -74.68359    39.19160
   -1.00000  8248.00000
  -74.67210    39.19470
  -74.67039    39.19260
  -74.67380    39.19240
  -74.67580    39.18990
  -74.67349    39.18600
  -74.67200    39.18590
  -74.67439    39.18370
  -74.67940    39.18269
  -74.68300    39.18469
  -74.68100    39.18750
  -74.68250    39.18750
  -74.67970    39.19090
  -74.68060    39.19279
  -74.68021    39.19350
  -74.67570    39.19490
  -74.67210    39.19470
   -1.00000  8248.00000
  -74.68130    39.19260
  -74.68021    39.19141
  -74.68130    39.18961
  -74.68640    39.18500
  -74.68021    39.18190
  -74.68750    39.18230
  -74.69209    39.18750
  -74.68469    39.18930
  -74.68130    39.19260
   -1.00000  8248.00000
  -74.69209    39.18750
  -74.69530    39.18111
  -74.69389    39.18530
  -74.69720    39.18750
  -74.69209    39.18750
   -1.00000  8401.00000
  -74.47569    39.35690
  -74.46840    39.36011
  -74.46581    39.35921
  -74.46220    39.36301
  -74.46220    39.36301
  -74.45430    39.36259
  -74.45261    39.36060
  -74.45740    39.35410
  -74.46690    39.34880
  -74.46820    39.34750
  -74.47490    39.34430
  -74.47749    39.34599
  -74.47549    39.34360
  -74.47881    39.34171
  -74.48190    39.34331
  -74.48190    39.34331
  -74.48470    39.34280
  -74.49181    39.35201
  -74.48190    39.35710
  -74.47569    39.35690
   -2.00000  8406.00000
   -1.00000  8401.00000
  -74.46460    39.34280
  -74.43970    39.35240
  -74.43449    39.35300
  -74.43250    39.35060
  -74.43269    39.35381
  -74.41310    39.36070
  -74.40860    39.36490
  -74.41541    39.37621
  -74.42110    39.37750
  -74.41969    39.37151
  -74.42010    39.37190
  -74.42081    39.37219
  -74.42059    39.37250
  -74.42180    39.37350
  -74.42340    39.37579
  -74.42210    39.37630
  -74.42300    39.37711
  -74.42400    39.37630
  -74.42360    39.37540
  -74.42439    39.37469
  -74.42380    39.37379
  -74.42380    39.37379
  -74.42529    39.37469
  -74.42470    39.37601
  -74.42509    39.37590
  -74.42720    39.37350
  -74.42580    39.37151
  -74.40810    39.40140
  -74.42900    39.37560
  -74.42940    39.37790
  -74.42560    39.37959
  -74.42419    39.37759
  -74.42261    39.37830
  -74.42570    39.38240
  -74.42439    39.38550
  -74.43510    39.38840
  -74.44850    39.38741
  -74.45190    39.38280
  -74.45090    39.37860
  -74.44780    39.37750
  -74.44389    39.37849
  -74.44400    39.38060
  -74.44060    39.38100
  -74.43880    39.37910
  -74.43719    39.37970
  -74.43719    39.37730
  -74.44119    39.38049
  -74.44611    39.37000
  -74.44521    39.36169
  -74.44839    39.35831
  -74.45309    39.35750
  -74.45821    39.35260
  -74.45711    39.35100
  -74.45940    39.35260
  -74.46780    39.34711
  -74.47749    39.34160
  -74.48039    39.34090
  -74.48320    39.34230
  -74.48849    39.33980
  -74.48520    39.34219
  -74.49429    39.35310
  -74.49330    39.35159
  -74.49471    39.34610
  -74.49471    39.34610
  -74.50290    39.34360
  -74.50290    39.34360
  -74.51390    39.33800
  -74.51060    39.33009
  -74.51360    39.33180
  -74.51500    39.33090
  -74.51360    39.32829
  -74.51750    39.33090
  -74.51720    39.32629
  -74.52240    39.32320
  -74.52451    39.32190
  -74.52950    39.31070
  -74.52950    39.31070
  -74.53830    39.30400
  -74.53439    39.30209
  -74.53520    39.30330
  -74.53230    39.30640
  -74.51630    39.31700
  -74.49690    39.32761
  -74.49530    39.32690
  -74.49570    39.32790
  -74.49120    39.33031
  -74.49100    39.33020
  -74.46460    39.34280
   -2.00000  8406.00000
   -2.00000  8402.00000
   -2.00000  8403.00000
   -1.00000  8202.00000
  -74.75430    39.06570
  -74.75560    39.07069
  -74.76579    39.07491
  -74.76740    39.07770
  -74.76579    39.08440
  -74.75850    39.08420
  -74.75639    39.08910
  -74.76131    39.09460
  -74.76041    39.09650
  -74.76260    39.10240
  -74.75960    39.10091
  -74.75639    39.10240
  -74.75529    39.09770
  -74.75191    39.09410
  -74.75281    39.09219
  -74.75281    39.09219
  -74.75670    39.09320
  -74.75690    39.09190
  -74.75740    39.09410
  -74.75951    39.09410
  -74.75720    39.09151
  -74.75630    39.09280
  -74.75230    39.09180
  -74.75121    39.09309
  -74.74921    39.09030
  -74.75549    39.10001
  -74.75000    39.09970
  -74.74471    39.10699
  -74.73210    39.10870
  -74.71950    39.11780
  -74.71719    39.11771
  -74.70740    39.10820
  -74.70480    39.10770
  -74.70630    39.10280
  -74.73669    39.07680
  -74.74750    39.06210
  -74.77921    39.02299
  -74.78310    39.01950
  -74.78780    39.01910
  -74.78430    39.02161
  -74.78641    39.02670
  -74.77820    39.03300
  -74.77521    39.04030
  -74.77589    39.04201
  -74.76990    39.04720
  -74.76990    39.04720
  -74.77310    39.04890
  -74.75890    39.06020
  -74.75430    39.06570
   -2.00000  8247.00000
   -3.00000    -3.00000
  -74.38000    39.87000
  -74.38000    39.86000
  -74.36000    39.86000
  -74.36000    39.89000
  -1.000000    00.00000
  -74.35000    39.86000
  -74.35000    39.88000
  -74.34000    39.89000
  -74.33000    39.88000
  -74.33000    39.87000
  -74.35000    39.87000
  -74.33000    39.87000
  -74.33000    39.86000
  -1.000000    00.00000
  -74.32000    39.89000
  -74.32000    39.86000
  -74.30000    39.86000
  -1.000000    00.00000
  -74.35080    39.87570
  -74.35080    39.87560
  -74.35060    39.87560
  -74.35060    39.87590
  -1.005000    00.07500
  -74.35050    39.87560
  -74.35050    39.87580
  -74.35040    39.87590
  -74.35030    39.87580
  -74.35030    39.87570
  -74.35050    39.87570
  -74.35030    39.87570
  -74.35030    39.87560
  -1.005000    00.07500
  -74.35020    39.87590
  -74.35020    39.87560
  -74.35000    39.87560
  -1.005000    00.07500

